225
0 15
1 16
1 2
10 11
100 101
103 118
104 119
105 120
106 121
107 108
109 110
11 26
111 112
111 126
112 113
113 114
114 115
115 116
116 117
117 118
119 134
12 13
12 27
120 121
120 135
122 123
122 137
123 124
124 125
125 140
126 127
127 142
128 129
129 130
129 144
13 14
130 145
131 132
131 146
132 147
133 148
134 149
135 150
136 137
136 151
138 139
138 153
139 154
140 155
141 142
141 156
143 144
143 158
145 146
147 148
149 164
15 30
150 151
152 153
152 167
153 168
155 170
156 157
156 171
157 172
158 173
159 160
159 174
16 31
160 175
161 162
161 176
162 163
163 164
165 166
165 180
166 181
168 169
169 184
17 32
170 185
172 187
173 188
174 189
175 190
176 177
177 178
178 179
179 194
18 19
180 195
181 182
182 183
183 184
183 198
185 186
186 201
187 202
188 189
188 203
19 34
190 191
191 192
192 207
193 194
193 208
195 210
196 197
197 198
199 200
199 214
2 3
20 21
20 35
200 215
201 216
202 217
203 218
204 205
204 219
205 206
206 207
208 223
209 224
21 36
210 211
211 212
212 213
213 214
215 216
216 217
219 220
22 23
220 221
221 222
222 223
223 224
23 38
24 39
25 26
25 40
27 28
28 29
29 44
3 18
3 4
30 45
31 32
32 33
32 47
34 35
36 51
37 38
37 52
39 54
4 5
40 41
41 42
42 43
43 58
44 59
45 46
46 61
48 49
48 63
49 50
5 6
50 51
51 66
52 67
53 68
54 55
55 70
56 57
57 58
58 59
60 75
61 76
62 63
62 77
64 65
65 80
66 81
67 82
68 69
69 84
7 22
7 8
70 71
71 72
72 73
73 74
74 89
75 90
76 91
77 92
78 79
78 93
79 94
8 9
80 81
82 97
83 84
83 98
84 85
85 100
86 101
86 87
87 102
88 103
88 89
89 104
9 10
9 24
90 105
91 106
92 107
93 108
94 109
95 110
95 96
96 97
97 98
99 100
